@ This file contains the documentation for
   the data file HOURS.DAT    created on  9-Aug-93.

  LHOURS:MANHOURS OF EMPLOYED LABOR FORCE (HOUSEHOLD DATA)(HRS.PER WK
   This time series begins in: 1947: 1   at frequency: 12
     and ends in: 1993: 3.

  LPMHU :EMPLOYEE-HOURS IN NONAGRIC.EST. (BIL.HOURS,SAAR)
   This time series begins in: 1947: 1   at frequency: 12
     and ends in: 1993: 3.

  LPNAG :EMPLOYEES ON NONAG. PAYROLLS: TOTAL (THOUS.,SA)
   This time series begins in: 1947: 1   at frequency: 12
     and ends in: 1993: 4.

load x[555,5]=hours.prn;
lhours=x[.,3];
lpmhu=x[.,4];
    /* lhours=million hrs/week (house surv);
       lpmhu=bill hrs saar est. surv.
       47:1-93:3 monthly data */
@
 1947  1       2458.900        91.810     43524.000
 1947  2       2448.200        91.690     43584.000
 1947  3       2452.000        91.610     43630.000
 1947  4       2438.200        91.050     43510.000
 1947  5       2482.400        91.300     43529.000
 1947  6       2488.300        91.820     43669.000
 1947  7       2490.700        91.390     43669.000
 1947  8       2466.200        91.380     43783.000
 1947  9       2492.200        92.140     44003.000
 1947 10       2500.400        92.530     44184.000
 1947 11       2469.900        92.790     44324.000
 1947 12       2479.800        93.320     44529.000
 1948  1       2525.700        93.490     44680.000
 1948  2       2496.600        92.910     44492.000
 1948  3       2497.200        93.430     44615.000
 1948  4       2553.100        92.360     44334.000
 1948  5       2493.500        93.170     44615.000
 1948  6       2537.700        93.840     44863.000
 1948  7       2547.400        94.120     45059.000
 1948  8       2525.300        94.110     45052.000
 1948  9       2527.800        93.990     45167.000
 1948 10       2528.200        93.570     45084.000
 1948 11       2529.500        93.680     45083.000
 1948 12       2525.800        93.480     45032.000
 1949  1       2478.300        92.360     44631.000
 1949  2       2491.300        92.010     44399.000
 1949  3       2478.400        91.180     44169.000
 1949  4       2488.900        90.960     44057.000
 1949  5       2486.200        90.500     43806.000
 1949  6       2435.500        89.710     43582.000
 1949  7       2424.900        89.350     43415.000
 1949  8       2433.600        89.440     43490.000
 1949  9       2430.000        89.610     43708.000
 1949 10       2411.000        87.900     42823.000
 1949 11       2448.000        88.470     43148.000
 1949 12       2446.800        88.880     43497.000
 1950  1       2432.200        89.120     43472.000
 1950  2       2454.400        88.720     43175.000
 1950  3       2459.200        90.410     43816.000
 1950  4       2466.300        90.970     44238.000
 1950  5       2475.000        92.310     44589.000
 1950  6       2503.800        93.330     44953.000
 1950  7       2507.500        94.330     45361.000
 1950  8       2547.400        96.410     46035.000
 1950  9       2531.900        96.360     46304.000
 1950 10       2547.600        96.880     46530.000
 1950 11       2531.200        97.400     46654.000
 1950 12       2502.000        97.160     46756.000
 1951  1       2540.500        98.660     47227.000
 1951  2       2529.600        98.980     47519.000
 1951  3       2573.100        99.600     47700.000
 1951  4       2563.200        99.740     47849.000
 1951  5       2582.100        99.790     47803.000
 1951  6       2498.100        99.770     47915.000
 1951  7       2586.700        99.710     47923.000
 1951  8       2567.700        99.450     47806.000
 1951  9       2543.800        99.190     47743.000
 1951 10       2550.400        99.130     47833.000
 1951 11       2501.100        99.560     48026.000
 1951 12       2559.000        99.940     48119.000
 1952  1       2569.500       100.490     48229.000
 1952  2       2593.800       100.970     48491.000
 1952  3       2534.100       100.380     48450.000
 1952  4       2528.200       100.050     48476.000
 1952  5       2546.200       100.420     48478.000
 1952  6       2541.200        99.690     48130.000
 1952  7       2512.800        99.220     47992.000
 1952  8       2517.200       100.780     48687.000
 1952  9       2572.100       102.370     49076.000
 1952 10       2549.600       102.750     49436.000
 1952 11       2581.800       103.140     49710.000
 1952 12       2602.700       103.950     49933.000
 1953  1       2611.800       103.840     50043.000
 1953  2       2617.700       104.330     50271.000
 1953  3       2616.800       104.640     50360.000
 1953  4       2599.100       104.480     50367.000
 1953  5       2556.700       104.170     50343.000
 1953  6       2605.700       104.200     50386.000
 1953  7       2597.100       104.040     50385.000
 1953  8       2580.600       103.420     50272.000
 1953  9       2570.200       102.620     50216.000
 1953 10       2575.800       103.280     50114.000
 1953 11       2569.200       102.250     49824.000
 1953 12       2525.000       101.670     49627.000
 1954  1       2515.000       100.430     49340.000
 1954  2       2541.800       100.840     49270.000
 1954  3       2521.800       100.480     49081.000
 1954  4       2515.700       100.280     48984.000
 1954  5       2486.200        99.730     48857.000
 1954  6       2493.300        99.690     48810.000
 1954  7       2475.200        99.450     48689.000
 1954  8       2477.900        99.260     48644.000
 1954  9       2489.600        99.410     48752.000
 1954 10       2483.100        99.780     48828.000
 1954 11       2504.800       100.900     49102.000
 1954 12       2500.800       101.160     49242.000
 1955  1       2527.300       101.250     49363.000
 1955  2       2538.400       101.840     49523.000
 1955  3       2566.600       103.070     49867.000
 1955  4       2559.000       103.220     50106.000
 1955  5       2576.300       104.470     50414.000
 1955  6       2533.000       104.630     50705.000
 1955  7       2613.000       104.800     50823.000
 1955  8       2618.600       104.990     50905.000
 1955  9       2637.600       105.630     51085.000
 1955 10       2626.700       105.850     51308.000
 1955 11       2637.800       106.320     51491.000
 1955 12       2649.300       106.760     51721.000
 1956  1       2658.500       106.880     51880.000
 1956  2       2636.000       107.280     52096.000
 1956  3       2631.600       106.950     52141.000
 1956  4       2652.700       107.250     52302.000
 1956  5       2650.200       107.150     52387.000
 1956  6       2648.500       107.350     52454.000
 1956  7       2654.100       105.980     51764.000
 1956  8       2661.200       107.210     52396.000
 1956  9       2672.100       107.380     52446.000
 1956 10       2674.200       108.060     52667.000
 1956 11       2647.500       108.250     52722.000
 1956 12       2645.900       108.660     52865.000
 1957  1       2628.000       107.740     52808.000
 1957  2       2666.700       108.630     53000.000
 1957  3       2666.300       108.340     53052.000
 1957  4       2645.100       107.700     53029.000
 1957  5       2623.400       107.690     52999.000
 1957  6       2644.900       107.540     52961.000
 1957  7       2672.000       107.590     52970.000
 1957  8       2635.100       107.560     52918.000
 1957  9       2609.700       107.100     52825.000
 1957 10       2613.100       106.030     52673.000
 1957 11       2585.000       105.740     52458.000
 1957 12       2608.000       105.610     52281.000
 1958  1       2573.100       104.950     52002.000
 1958  2       2547.400       103.160     51448.000
 1958  3       2540.600       102.890     51131.000
 1958  4       2530.300       101.910     50787.000
 1958  5       2571.500       102.120     50760.000
 1958  6       2540.600       102.100     50822.000
 1958  7       2522.300       102.410     50915.000
 1958  8       2558.300       102.920     51118.000
 1958  9       2571.500       103.940     51359.000
 1958 10       2608.800       104.040     51379.000
 1958 11       2595.900       105.060     51831.000
 1958 12       2592.800       105.480     51968.000
 1959  1       2612.200       106.500     52410.000
 1959  2       2598.300       106.700     52558.000
 1959  3       2628.500       107.720     52863.000
 1959  4       2662.000       108.540     53190.000
 1959  5       2652.700       109.100     53382.000
 1959  6       2645.800       109.320     53603.000
 1959  7       2652.400       109.020     53683.000
 1959  8       2639.200       108.100     53230.000
 1959  9       2636.100       107.800     53265.000
 1959 10       2628.900       107.760     53203.000
 1959 11       2632.800       108.200     53503.000
 1959 12       2659.400       109.990     54033.000
 1960  1       2653.100       110.040     54184.000
 1960  2       2657.600       110.230     54406.000
 1960  3       2606.300       109.660     54348.000
 1960  4       2704.300       110.480     54561.000
 1960  5       2688.500       109.990     54366.000
 1960  6       2693.000       109.880     54292.000
 1960  7       2695.700       109.860     54230.000
 1960  8       2695.100       109.760     54198.000
 1960  9       2710.300       109.250     54069.000
 1960 10       2684.300       109.040     53982.000
 1960 11       2677.400       109.520     53843.000
 1960 12       2664.000       106.840     53571.000
 1961  1       2663.900       107.730     53524.000
 1961  2       2656.300       107.850     53373.000
 1961  3       2666.900       107.920     53462.000
 1961  4       2647.600       107.540     53485.000
 1961  5       2637.600       108.300     53664.000
 1961  6       2659.500       108.870     53922.000
 1961  7       2650.600       109.260     54052.000
 1961  8       2667.000       109.630     54232.000
 1961  9       2647.900       109.210     54303.000
 1961 10       2696.100       110.030     54375.000
 1961 11       2682.900       110.850     54636.000
 1961 12       2682.100       110.760     54739.000
 1962  1       2644.300       109.870     54703.000
 1962  2       2714.800       111.420     54996.000
 1962  3       2706.300       112.040     55109.000
 1962  4       2701.300       112.680     55384.000
 1962  5       2720.900       112.790     55514.000
 1962  6       2720.100       112.860     55563.000
 1962  7       2699.200       112.830     55663.000
 1962  8       2718.900       113.220     55796.000
 1962  9       2728.000       113.530     55860.000
 1962 10       2724.800       113.140     55919.000
 1962 11       2714.000       113.400     55943.000
 1962 12       2718.000       113.200     55915.000
 1963  1       2729.800       113.230     55927.000
 1963  2       2714.500       113.450     56039.000
 1963  3       2727.700       113.490     56157.000
 1963  4       2766.600       114.370     56398.000
 1963  5       2745.200       114.620     56534.000
 1963  6       2746.500       114.890     56571.000
 1963  7       2750.200       115.070     56705.000
 1963  8       2743.500       115.200     56832.000
 1963  9       2767.900       115.570     56971.000
 1963 10       2772.700       115.960     57148.000
 1963 11       2771.600       115.880     57125.000
 1963 12       2762.600       115.840     57251.000
 1964  1       2726.200       114.810     57281.000
 1964  2       2777.500       116.570     57621.000
 1964  3       2784.900       116.810     57686.000
 1964  4       2815.900       117.330     57846.000
 1964  5       2827.000       117.480     57974.000
 1964  6       2796.400       117.720     58128.000
 1964  7       2810.700       118.050     58309.000
 1964  8       2813.300       118.250     58510.000
 1964  9       2783.100       118.350     58777.000
 1964 10       2811.100       118.680     58658.000
 1964 11       2831.200       119.710     59080.000
 1964 12       2834.400       120.640     59320.000
 1965  1       2862.900       120.940     59419.000
 1965  2       2854.200       121.660     59710.000
 1965  3       2866.900       121.960     59921.000
 1965  4       2867.700       122.240     60080.000
 1965  5       2905.300       122.770     60389.000
 1965  6       2876.500       122.690     60590.000
 1965  7       2894.100       123.110     60868.000
 1965  8       2897.300       123.620     61072.000
 1965  9       2894.200       123.910     61333.000
 1965 10       2918.000       124.510     61538.000
 1965 11       2919.200       125.380     61859.000
 1965 12       2940.100       126.080     62209.000
 1966  1       2931.200       126.580     62415.000
 1966  2       2928.600       127.780     62766.000
 1966  3       2938.100       128.330     63129.000
 1966  4       2951.200       128.440     63318.000
 1966  5       2936.100       128.510     63595.000
 1966  6       2961.900       129.500     63989.000
 1966  7       2958.100       129.540     64166.000
 1966  8       2962.400       129.870     64306.000
 1966  9       2959.600       129.860     64367.000
 1966 10       2972.700       130.320     64614.000
 1966 11       2968.400       130.810     64839.000
 1966 12       2971.300       131.020     65042.000
 1967  1       2998.400       131.480     65240.000
 1967  2       2981.000       130.670     65224.000
 1967  3       2959.600       130.730     65305.000
 1967  4       2984.800       130.530     65373.000
 1967  5       2975.900       130.910     65478.000
 1967  6       2986.000       131.200     65642.000
 1967  7       3010.600       131.430     65816.000
 1967  8       3020.600       131.730     65933.000
 1967  9       3031.600       132.290     66074.000
 1967 10       3024.600       132.020     66091.000
 1967 11       3035.000       133.040     66570.000
 1967 12       3041.600       133.100     66767.000
 1968  1       2988.000       132.480     66656.000
 1968  2       3039.300       133.780     67026.000
 1968  3       3037.800       133.680     67156.000
 1968  4       3030.000       133.790     67422.000
 1968  5       3059.500       134.420     67519.000
 1968  6       3070.100       134.920     67779.000
 1968  7       3066.300       135.530     67979.000
 1968  8       3064.500       135.880     68189.000
 1968  9       3077.300       136.090     68333.000
 1968 10       3087.100       136.480     68569.000
 1968 11       3075.100       136.420     68837.000
 1968 12       3078.800       136.790     69151.000
 1969  1       3095.200       137.710     69297.000
 1969  2       3054.400       137.860     69575.000
 1969  3       3102.400       138.580     69803.000
 1969  4       3108.700       138.760     69980.000
 1969  5       3112.000       139.380     70197.000
 1969  6       3115.200       139.550     70478.000
 1969  7       3118.400       139.850     70629.000
 1969  8       3137.800       140.350     70742.000
 1969  9       3137.800       140.390     70800.000
 1969 10       3122.100       140.560     70957.000
 1969 11       3133.800       140.280     70921.000
 1969 12       3149.600       140.690     71119.000
 1970  1       3127.600       139.910     71059.000
 1970  2       3116.400       139.950     71201.000
 1970  3       3123.000       140.230     71363.000
 1970  4       3125.600       139.900     71283.000
 1970  5       3111.100       139.010     70998.000
 1970  6       3113.000       138.740     70888.000
 1970  7       3117.500       138.990     70927.000
 1970  8       3113.500       138.460     70750.000
 1970  9       3085.000       134.280     70815.000
 1970 10       3100.200       137.360     70383.000
 1970 11       3106.700       136.800     70264.000
 1970 12       3112.300       137.670     70661.000
 1971  1       3115.100       137.930     70752.000
 1971  2       3108.600       137.300     70689.000
 1971  3       3096.400       137.850     70766.000
 1971  4       3127.900       138.000     70969.000
 1971  5       3126.000       138.270     71129.000
 1971  6       3095.200       138.530     71136.000
 1971  7       3116.700       138.030     71169.000
 1971  8       3117.900       138.570     71168.000
 1971  9       3123.800       138.420     71499.000
 1971 10       3148.800       138.040     71485.000
 1971 11       3171.700       139.780     71723.000
 1971 12       3162.500       140.220     71977.000
 1972  1       3189.800       141.080     72357.000
 1972  2       3195.700       141.840     72542.000
 1972  3       3222.100       142.040     72850.000
 1972  4       3225.400       143.040     73079.000
 1972  5       3226.300       142.890     73346.000
 1972  6       3234.100       143.620     73639.000
 1972  7       3239.900       143.470     73576.000
 1972  8       3253.600       143.950     73908.000
 1972  9       3268.700       144.750     74107.000
 1972 10       3263.300       144.880     74537.000
 1972 11       3261.500       145.850     74904.000
 1972 12       3286.000       146.080     75164.000
 1973  1       3251.600       146.530     75521.000
 1973  2       3314.500       147.850     75923.000
 1973  3       3335.900       148.680     76168.000
 1973  4       3323.200       148.850     76308.000
 1973  5       3352.100       149.140     76473.000
 1973  6       3364.800       149.590     76743.000
 1973  7       3377.800       149.990     76713.000
 1973  8       3365.600       150.070     77009.000
 1973  9       3368.200       150.170     77170.000
 1973 10       3387.900       149.820     77506.000
 1973 11       3401.000       151.500     77867.000
 1973 12       3412.800       151.470     77933.000
 1974  1       3384.300       151.070     78020.000
 1974  2       3409.400       151.520     78181.000
 1974  3       3403.300       151.250     78184.000
 1974  4       3397.400       149.150     78239.000
 1974  5       3414.800       151.630     78381.000
 1974  6       3408.100       151.700     78443.000
 1974  7       3416.200       151.480     78492.000
 1974  8       3411.900       151.380     78511.000
 1974  9       3395.000       151.480     78542.000
 1974 10       3401.500       152.080     78599.000
 1974 11       3378.400       149.840     78234.000
 1974 12       3342.400       148.170     77531.000
 1975  1       3339.500       147.730     77153.000
 1975  2       3307.900       146.330     76743.000
 1975  3       3288.200       145.440     76429.000
 1975  4       3313.900       145.470     76333.000
 1975  5       3332.600       145.690     76470.000
 1975  6       3269.100       145.360     76400.000
 1975  7       3306.900       145.600     76640.000
 1975  8       3337.300       147.150     77034.000
 1975  9       3347.600       147.480     77216.000
 1975 10       3351.200       147.860     77479.000
 1975 11       3363.100       148.460     77582.000
 1975 12       3388.600       149.250     77878.000
 1976  1       3426.100       150.790     78317.000
 1976  2       3419.200       150.520     78614.000
 1976  3       3405.000       150.530     78828.000
 1976  4       3439.400       150.850     79142.000
 1976  5       3445.200       151.390     79188.000
 1976  6       3427.400       151.130     79264.000
 1976  7       3456.800       151.620     79469.000
 1976  8       3461.900       151.660     79591.000
 1976  9       3451.000       152.110     79857.000
 1976 10       3463.800       152.190     79847.000
 1976 11       3495.700       152.880     80122.000
 1976 12       3502.300       153.220     80310.000
 1977  1       3471.200       152.240     80527.000
 1977  2       3532.400       154.650     80783.000
 1977  3       3532.400       154.820     81228.000
 1977  4       3568.700       155.600     81615.000
 1977  5       3587.600       156.480     81984.000
 1977  6       3577.200       157.030     82392.000
 1977  7       3591.300       157.690     82743.000
 1977  8       3596.000       158.090     82954.000
 1977  9       3596.800       158.810     83460.000
 1977 10       3629.000       159.570     83659.000
 1977 11       3656.700       159.960     84012.000
 1977 12       3641.900       159.730     84260.000
 1978  1       3652.700       159.010     84478.000
 1978  2       3686.200       160.620     84800.000
 1978  3       3704.900       162.360     85339.000
 1978  4       3853.900       164.140     86064.000
 1978  5       3735.000       164.190     86396.000
 1978  6       3776.600       165.220     86833.000
 1978  7       3747.500       165.670     87060.000
 1978  8       3770.500       165.770     87319.000
 1978  9       3770.100       166.160     87470.000
 1978 10       3807.600       166.570     87788.000
 1978 11       3811.700       168.370     88233.000
 1978 12       3834.900       168.270     88534.000
 1979  1       3839.600       168.010     88711.000
 1979  2       3844.700       168.530     88955.000
 1979  3       3860.400       169.870     89406.000
 1979  4       3826.000       167.680     89356.000
 1979  5       3854.600       169.490     89671.000
 1979  6       3848.500       170.360     89985.000
 1979  7       3861.200       170.550     90088.000
 1979  8       3842.400       170.570     90148.000
 1979  9       3874.300       170.630     90166.000
 1979 10       3896.600       170.730     90356.000
 1979 11       3913.300       170.960     90449.000
 1979 12       3917.400       171.240     90595.000
 1980  1       3905.300       171.480     90784.000
 1980  2       3899.800       171.560     90889.000
 1980  3       3868.900       170.780     90970.000
 1980  4       3830.400       169.880     90747.000
 1980  5       3819.300       168.900     90269.000
 1980  6       3789.400       168.350     89931.000
 1980  7       3783.900       167.400     89670.000
 1980  8       3794.800       168.300     89933.000
 1980  9       3814.500       168.790     90058.000
 1980 10       3833.600       169.720     90350.000
 1980 11       3852.400       170.030     90583.000
 1980 12       3875.800       170.700     90818.000
 1981  1       3908.200       171.320     90927.000
 1981  2       3877.400       170.230     90987.000
 1981  3       3892.100       171.060     91085.000
 1981  4       3900.800       171.000     91175.000
 1981  5       3849.900       170.580     91151.000
 1981  6       3851.400       170.750     91328.000
 1981  7       3866.600       171.250     91467.000
 1981  8       3866.500       171.190     91415.000
 1981  9       3822.400       169.680     91354.000
 1981 10       3854.500       170.180     91259.000
 1981 11       3878.000       169.660     91020.000
 1981 12       3856.300       169.020     90750.000
 1982  1       3708.500       165.280     90391.000
 1982  2       3850.800       168.760     90391.000
 1982  3       3837.400       168.110     90264.000
 1982  4       3823.700       167.160     90028.000
 1982  5       3824.400       167.290     90006.000
 1982  6       3782.600       166.640     89769.000
 1982  7       3770.800       166.170     89435.000
 1982  8       3776.100       165.610     89272.000
 1982  9       3761.300       164.980     89122.000
 1982 10       3770.200       164.430     88836.000
 1982 11       3786.100       163.750     88671.000
 1982 12       3802.800       164.530     88644.000
 1983  1       3837.500       165.580     88807.000
 1983  2       3765.400       163.930     88715.000
 1983  3       3798.600       164.960     88919.000
 1983  4       3823.100       165.850     89244.000
 1983  5       3816.300       166.900     89558.000
 1983  6       3854.200       167.690     89970.000
 1983  7       3866.100       168.820     90404.000
 1983  8       3891.600       168.490     90065.000
 1983  9       3907.200       170.690     91214.000
 1983 10       3938.700       171.510     91457.000
 1983 11       3965.300       171.130     91771.000
 1983 12       4006.500       172.840     92131.000
 1984  1       4024.800       173.980     92572.000
 1984  2       4059.500       175.230     93068.000
 1984  3       4033.900       174.690     93355.000
 1984  4       4069.100       176.260     93722.000
 1984  5       4092.000       176.340     94039.000
 1984  6       4096.900       177.310     94432.000
 1984  7       4069.800       177.740     94760.000
 1984  8       4059.300       178.050     94988.000
 1984  9       4093.000       178.840     95302.000
 1984 10       4119.900       178.790     95594.000
 1984 11       4143.500       179.620     95936.000
 1984 12       4153.300       179.820     96078.000
 1985  1       4188.300       180.280     96391.000
 1985  2       4155.700       179.860     96503.000
 1985  3       4204.700       181.200     96840.000
 1985  4       4202.600       180.990     97017.000
 1985  5       4202.400       181.570     97283.000
 1985  6       4153.700       181.850     97413.000
 1985  7       4133.400       181.820     97608.000
 1985  8       4155.300       182.450     97814.000
 1985  9       4198.600       182.970     98021.000
 1985 10       4206.000       184.060     98240.000
 1985 11       4244.700       183.840     98435.000
 1985 12       4252.900       184.020     98634.000
 1986  1       4322.800       184.790     98771.000
 1986  2       4241.600       183.860     98892.000
 1986  3       4277.300       184.360     98957.000
 1986  4       4292.700       184.180     99143.000
 1986  5       4265.400       184.580     99263.000
 1986  6       4273.500       184.240     99152.000
 1986  7       4249.700       184.670     99454.000
 1986  8       4290.600       185.340     99615.000
 1986  9       4293.300       185.800     99943.000
 1986 10       4311.700       185.790    100174.000
 1986 11       4341.700       186.620    100348.000
 1986 12       4384.800       186.820    100596.000
 1987  1       4393.700       187.450    100779.000
 1987  2       4416.900       188.550    100990.000
 1987  3       4400.600       188.530    101236.000
 1987  4       4393.500       188.800    101594.000
 1987  5       4429.900       189.720    101802.000
 1987  6       4388.800       189.970    101960.000
 1987  7       4404.000       190.290    102287.000
 1987  8       4420.500       191.310    102522.000
 1987  9       4392.200       191.120    102682.000
 1987 10       4452.000       192.260    103238.000
 1987 11       4483.500       192.570    103458.000
 1987 12       4517.600       192.780    103804.000
 1988  1       4526.400       193.080    103931.000
 1988  2       4534.800       194.340    104384.000
 1988  3       4527.300       194.380    104662.000
 1988  4       4563.100       195.470    104908.000
 1988  5       4537.400       195.520    105092.000
 1988  6       4493.700       196.220    105483.000
 1988  7       4498.900       196.760    105697.000
 1988  8       4507.500       196.660    105869.000
 1988  9       4545.000       196.880    106111.000
 1988 10       4567.700       198.510    106419.000
 1988 11       4586.000       197.600    106740.000
 1988 12       4609.300       198.770    107064.000
 1989  1       4656.000       200.380    107447.000
 1989  2       4647.700       199.880    107700.000
 1989  3       4645.500       200.290    107877.000
 1989  4       4647.700       201.360    108049.000
 1989  5       4649.500       200.480    108160.000
 1989  6       4614.300       200.370    108292.000
 1989  7       4604.700       201.190    108364.000
 1989  8       4623.700       200.860    108454.000
 1989  9       4635.100       201.100    108617.000
 1989 10       4668.000       202.270    108747.000
 1989 11       4695.000       203.690    109022.000
 1989 12       4703.000       201.470    109161.000
 1990  1       4717.700       202.870    109488.000
 1990  2       4710.200       203.300    109810.000
 1990  3       4695.300       204.020    109997.000
 1990  4       4662.500       203.890    109969.000
 1990  5       4709.800       204.000    110241.000
 1990  6       4658.700       204.600    110304.000
 1990  7       4623.100       204.110    110078.000
 1990  8       4618.100       203.500    109877.000
 1990  9       4640.200       203.520    109737.000
 1990 10       4649.500       201.620    109548.000
 1990 11       4661.900       201.720    109284.000
 1990 12       4664.400       202.290    109101.000
 1991  1       4652.400       200.300    108845.000
 1991  2       4640.800       200.010    108557.000
 1991  3       4613.400       199.480    108344.000
 1991  4       4621.900       198.600    108178.000
 1991  5       4620.500       199.460    108265.000
 1991  6       4558.500       200.270    108227.000
 1991  7       4551.700       198.610    108190.000
 1991  8       4532.700       199.530    108267.000
 1991  9       4637.500       200.220    108293.000
 1991 10       4597.300       199.680    108285.000
 1991 11       4618.800       199.740    108139.000
 1991 12       4600.000       200.140    108154.000
 1992  1       4646.300       199.450    108100.000
 1992  2       4655.100       201.050    108142.000
 1992  3       4643.700       200.640    108200.000
 1992  4       4630.200       200.120    108377.000
 1992  5       4656.200       201.070    108496.000
 1992  6       4606.400       200.100    108423.000
 1992  7       4579.400       199.920    108594.000
 1992  8       4581.600       200.860    108485.000
 1992  9       4579.500       199.300    108497.000
 1992 10       4636.900       200.270    108571.000
 1992 11       4675.300       201.610    108646.000
 1992 12       4685.100       201.180    108752.000
 1993  1       4699.200       201.400    108865.000
 1993  2       4714.400       202.390    109203.000
 1993  3       4695.200       201.420    109194.000
